1791426147 0.0 0.0 0.0 
1791426149 2.0 1.0 0.018009478672985746 
1791426151 3.0 0.0 0.035071090047393394 
1791426153 3.0 0.0 0.04328593996840446 
1791426155 3.0 0.0 0.05908372827804109 
1791426157 2.0 0.0 0.040758293838862536 
1791426159 3.0 0.0 0.07835703001579775 
1791426161 3.0 0.0 0.09194312796208526 
1791426164 3.0 0.0 0.09352290679304898 
1791426166 3.0 0.0 0.09383886255924168 
1791426168 3.0 0.0 0.09415481832543449 
1791426170 3.0 0.0 0.09478672985781988 
1791426172 3.0 0.0 0.09478672985781988 
1791426174 3.0 0.0 0.0966824644549763 
1791426176 3.0 0.0 0.09731437598736181 
1791426178 3.0 0.0 0.09826224328594002 
1791426180 3.0 0.0 0.09857819905213272 
1791426182 3.0 0.0 0.10142180094786735 
1791426185 3.0 0.0 0.10047393364928914 
1791426187 3.0 0.0 0.10236966824644544 
1791426189 3.0 0.0 0.10205371248025275 
1791426191 3.0 0.0 0.10205371248025275 
1791426193 3.0 0.0 0.10268562401263825 
1791426195 3.0 0.0 0.10300157977883095 
1791426197 2.0 0.0 0.06319115323854663 
1791426199 3.0 0.0 0.10426540284360186 
1791426201 3.0 0.0 0.10426540284360186 
1791426204 3.0 0.0 0.10458135860979467 
1791426206 3.0 0.0 0.10584518167456558 
1791426208 2.0 0.0 0.07045813586097949 
1791426210 3.0 0.0 0.10647709320695098 
1791426212 3.0 0.0 0.10742496050552919 
1791426214 2.0 0.0 0.06951026856240128 
1791426216 3.0 0.0 0.1083728278041074 
1791426218 2.0 0.0 0.06951026856240128 
1791426220 2.0 0.0 0.08151658767772507 
1791426222 2.0 0.0 0.08183254344391788 
1791426225 1.0 0.0 0.03949447077409163 
1791426227 3.0 0.0 0.11311216429699844 
1791426229 2.0 0.0 0.07424960505529221 
1791426231 3.0 0.0 0.11469194312796205 
1791426233 2.0 0.0 0.0726698262243286 
1791426235 2.0 0.0 0.0717219589257504 
1791426237 3.0 0.0 0.11879936808846758 
1791426239 3.0 0.0 0.11879936808846758 
1791426241 2.0 0.0 0.08751974723538702 
1791426243 2.0 0.0 0.08815165876777253 
1791426246 3.0 0.0 0.12322274881516593 
1791426248 1.0 0.0 0.034439178515007884 
1791426250 2.0 0.0 0.07867298578199056 
1791426252 3.0 0.0 0.12701421800947865 
1791426254 3.0 0.0 0.12701421800947865 
1791426256 3.0 0.0 0.12796208530805686 
1791426258 1.0 0.0 0.04360189573459716 
1791426260 3.0 0.0 0.12890995260663507 
1791426262 2.0 0.0 0.09415481832543449 
1791426264 2.0 0.0 0.08088467614533967 
1791426266 2.0 0.0 0.08088467614533967 
1791426269 1.0 0.0 0.04423380726698267 
1791426271 3.0 0.0 0.13364928909952611 
1791426273 3.0 0.0 0.1339652448657188 
1791426275 3.0 0.0 0.13522906793048972 
1791426277 2.0 0.0 0.0966824644549763 
1791426279 2.0 0.0 0.09763033175355451 
1791426281 3.0 0.0 0.13902053712480256 
1791426283 3.0 0.0 0.13965244865718796 
1791426285 0.0 0.0 0.0 
1791426288 1.0 0.0 0.04612954186413898 
1791426290 3.0 0.0 0.1437598736176935 
1791426292 2.0 0.0 0.09099526066350716 
1791426294 2.0 0.0 0.09162717219589256 
1791426296 1.0 0.0 0.04486571879936807 
1791426298 2.0 0.0 0.09320695102685628 
1791426300 3.0 0.0 0.14660347551342812 
1791426302 3.0 0.0 0.14660347551342812 
1791426305 2.0 0.0 0.09383886255924168 
1791426307 2.0 0.0 0.09447077409162719 
1791426309 1.0 0.0 0.0477093206951027 
1791426311 2.0 0.0 0.0954186413902054 
1791426313 3.0 0.0 0.15102685624012635 
1791426315 1.0 0.0 0.048973143759873605 
1791426317 2.0 0.0 0.09731437598736181 
1791426319 2.0 0.0 0.10394944707740916 
1791426321 0.0 0.0 0.0 
1791426323 0.0 0.0 0.0 
1791426326 0.0 0.0 0.0 
1791426328 0.0 0.0 0.0 
1791426330 1.0 0.0 0.05276461295418644 
1791426332 1.0 0.0 0.05276461295418644 
1791426334 2.0 0.0 0.10489731437598737 
1791426336 0.0 0.0 0.0 
1791426338 0.0 0.0 0.0 
1791426340 2.0 0.0 0.10584518167456558 
1791426342 0.0 0.0 0.0 
1791426345 1.0 0.0 0.05213270142180093 
1791426347 0.0 0.0 0.0 
1791426349 2.0 0.0 0.11279620853080574 
1791426351 0.0 0.0 0.0 
1791426353 0.0 0.0 0.0 
1791426355 2.0 0.0 0.11469194312796205 
1791426357 2.0 0.0 0.11311216429699844 
1791426359 1.0 0.0 0.05845181674565558 
1791426361 1.0 0.0 0.05876777251184839 
1791426363 1.0 0.0 0.05876777251184839 
1791426365 1.0 0.0 0.05908372827804109 
1791426368 1.0 0.0 0.05908372827804109 
1791426370 1.0 0.0 0.05939968404423379 
1791426372 2.0 0.0 0.11753554502369667 
1791426374 1.0 0.0 0.05939968404423379 
1791426376 2.0 0.0 0.11943127962085309 
1791426378 2.0 0.0 0.11943127962085309 
1791426380 1.0 0.0 0.06161137440758291 
1791426382 2.0 0.0 0.07867298578199056 
1791426384 1.0 0.0 0.0600315955766193 
1791426386 0.0 0.0 0.0 
1791426389 1.0 0.0 0.019905213270142164 
1791426391 1.0 0.0 0.0606635071090047 
1791426393 1.0 0.0 0.06097946287519751 
1791426395 1.0 0.0 0.06097946287519751 
1791426397 1.0 0.0 0.06129541864139021 
1791426399 1.0 0.0 0.06129541864139021 
1791426401 1.0 0.0 0.06161137440758291 
1791426403 1.0 0.0 0.06161137440758291 
1791426405 1.0 0.0 0.06192733017377572 
1791426407 1.0 0.0 0.06192733017377572 
1791426410 1.0 0.0 0.06224328593996842 
1791426412 1.0 0.0 0.02116903633491307 
1791426414 0.0 0.0 0.0 
1791426416 0.0 0.0 0.0 
1791426418 0.0 0.0 0.0 
1791426420 0.0 0.0 0.0 
1791426422 0.0 0.0 0.0 
1791426424 0.0 0.0 0.0 
1791426426 0.0 0.0 0.0 
1791426428 0.0 0.0 0.0 
1791426431 0.0 0.0 0.0 
1791426433 0.0 0.0 0.0 
1791426435 0.0 0.0 0.0 
1791426437 0.0 0.0 0.0 
1791426439 0.0 0.0 0.0 
1791426441 0.0 0.0 0.0 
1791426443 0.0 0.0 0.0 
1791426445 0.0 0.0 0.0 
1791426448 0.0 0.0 0.0 
1791426450 0.0 0.0 0.0 
1791426452 0.0 0.0 0.0 
1791426454 0.0 0.0 0.0 
1791426456 0.0 0.0 0.0 
1791426458 1.0 0.0 0.027804107424960534 
1791426460 0.0 0.0 0.0 
1791426462 0.0 0.0 0.0 
1791426464 0.0 0.0 0.0 
1791426467 0.0 0.0 0.0 
1791426469 0.0 0.0 0.0 
1791426471 0.0 0.0 0.0 
1791426473 0.0 0.0 0.0 
1791426475 0.0 0.0 0.0 
1791426477 0.0 0.0 0.0 
1791426479 0.0 0.0 0.0 
1791426481 0.0 0.0 0.0 
1791426484 0.0 0.0 0.0 
1791426486 0.0 0.0 0.0 
1791426488 0.0 0.0 0.0 
1791426490 0.0 0.0 0.0 
1791426492 0.0 0.0 0.0 
1791426494 0.0 0.0 0.0 
1791426496 0.0 0.0 0.0 
1791426499 0.0 0.0 0.0 
1791426501 0.0 0.0 0.0 
1791426503 0.0 0.0 0.0 
1791426505 0.0 0.0 0.0 
1791426507 0.0 0.0 0.0 
1791426509 0.0 0.0 0.0 
1791426511 0.0 0.0 0.0 
1791426513 0.0 0.0 0.0 
1791426516 0.0 0.0 0.0 
1791426518 0.0 0.0 0.0 
1791426520 0.0 0.0 0.0 
1791426522 0.0 0.0 0.0 
1791426524 0.0 0.0 0.0 
1791426526 0.0 0.0 0.0 
1791426528 0.0 0.0 0.0 
1791426531 0.0 0.0 0.0 
1791426533 0.0 0.0 0.0 
1791426535 0.0 0.0 0.0 
1791426537 0.0 0.0 0.0 
1791426539 0.0 0.0 0.0 
1791426541 0.0 0.0 0.0 
1791426543 0.0 0.0 0.0 
1791426545 0.0 0.0 0.0 
1791426548 0.0 0.0 0.0 
1791426550 0.0 0.0 0.0 
1791426552 0.0 0.0 0.0 
1791426554 0.0 0.0 0.0 
1791426556 0.0 0.0 0.0 
1791426558 0.0 0.0 0.0 
1791426560 0.0 0.0 0.0 
1791426563 0.0 0.0 0.0 
1791426565 0.0 0.0 0.0 
1791426567 0.0 0.0 0.0 
1791426569 0.0 0.0 0.0 
1791426571 0.0 0.0 0.0 
1791426573 0.0 0.0 0.0 
1791426575 0.0 0.0 0.0 
1791426577 0.0 0.0 0.0 
1791426579 0.0 0.0 0.0 
1791426582 0.0 0.0 0.0 
1791426584 0.0 0.0 0.0 
1791426586 0.0 0.0 0.0 
1791426588 0.0 0.0 0.0 
1791426590 0.0 0.0 0.0 
1791426592 0.0 0.0 0.0 
1791426595 0.0 0.0 0.0 
1791426597 0.0 0.0 0.0 
1791426599 0.0 0.0 0.0 
1791426601 0.0 0.0 0.0 
1791426603 0.0 0.0 0.0 
1791426605 0.0 0.0 0.0 
1791426607 0.0 0.0 0.0 
1791426609 0.0 0.0 0.0 
1791426612 0.0 0.0 0.0 
1791426614 0.0 0.0 0.0 
1791426616 0.0 0.0 0.0 
1791426618 0.0 0.0 0.0 
1791426620 0.0 0.0 0.0 
1791426622 0.0 0.0 0.0 
1791426625 0.0 0.0 0.0 
1791426627 0.0 0.0 0.0 
1791426629 0.0 0.0 0.0 
1791426631 0.0 0.0 0.0 
1791426633 0.0 0.0 0.0 
1791426635 0.0 0.0 0.0 
1791426637 0.0 0.0 0.0 
1791426640 0.0 0.0 0.0 
1791426642 0.0 0.0 0.0 
1791426644 0.0 0.0 0.0 
1791426646 0.0 0.0 0.0 
1791426648 0.0 0.0 0.0 
1791426650 0.0 0.0 0.0 
1791426652 0.0 0.0 0.0 
1791426654 0.0 0.0 0.0 
1791426657 0.0 0.0 0.0 
1791426659 0.0 0.0 0.0 
1791426661 0.0 0.0 0.0 
1791426663 0.0 0.0 0.0 
1791426665 0.0 0.0 0.0 
1791426667 0.0 0.0 0.0 
1791426669 0.0 0.0 0.0 
1791426672 0.0 0.0 0.0 
1791426674 0.0 0.0 0.0 
1791426676 0.0 0.0 0.0 
1791426678 0.0 0.0 0.0 
1791426680 0.0 0.0 0.0 
1791426682 0.0 0.0 0.0 
1791426684 0.0 0.0 0.0 
1791426686 0.0 0.0 0.0 
1791426689 0.0 0.0 0.0 
1791426691 0.0 0.0 0.0 
1791426693 0.0 0.0 0.0 
1791426695 0.0 0.0 0.0 
1791426697 0.0 0.0 0.0 
1791426699 0.0 0.0 0.0 
1791426701 0.0 0.0 0.0 
1791426704 0.0 0.0 0.0 
1791426706 0.0 0.0 0.0 
1791426708 0.0 0.0 0.0 
1791426710 0.0 0.0 0.0 
1791426712 0.0 0.0 0.0 
1791426714 0.0 0.0 0.0 
1791426716 0.0 0.0 0.0 
1791426718 0.0 0.0 0.0 
1791426720 0.0 0.0 0.0 
